PSNR:  34.370208766007586
SSIM:  0.866543267635589
LPIPS:  0.0602655148212897
